7210
9012
1330
8360
1488
7168
3593
9989
8475
4784
4507
854
5099
11118
2960
5612
4296
6784
8501
5894
10032
9362
3088
10364
2336
8689
1414
4811
11770
11334
4601
8327
9907
5565
7723
8822
2183
2554
11571
10274
6645
11830
7871
7854
2735
3869
10934
477
2587
5282
5597
8767
4628
3334
8139
11916
6538
1400
6514
7931
61
8697
2274
6341
11943
2836
6287
9165
6279
6168
8994
1612
3258
2851
2407
10743
3763
11664
7985
7031
12420
8990
1010
1759
1112
501
7615
10025
11864
5277
5768
8323
2235
1134
10110
6112
11531
4181
9494
7647
6357
382
6602
5689
10456
10986
9544
5924
9093
9902
10486
4900
12255
11612
3452
3866
3025
7316
2360
7680
9354
1103
5411
9052
1327
6755
1936
6689
8429
9638
1530
5852
6581
6172
9024
12457
1707
9281
12238
7079
2510
2065
7747
4335
7648
8656
4391
7885
3618
981
1459
10614
229
4299
2822
8515
486
3645
1621
2461
3413
4211
5242
5239
9043
4714
11641
742
7920
6817
11702
8136
10439
4854
1974
5012
650
9123
2111
4720
7233
5082
9147
6563
2568
2324
6228
9504
3780
1198
1947
10559
4836
1586
9342
2367
3857
1304
6265
5238
2184
1983
3444
280
5549
5946
11443
2588
9278
5697
5933
3688
11988
1487
11214
6065
9129
8072
622
9083
12200
5551
2167
1050
4688
11136
4759
10595
3552
3366
11459
9569
78
11418
302
7524
4648
10123
6588
4346
7112
270
10277
6846
6158
9416
7392
10597
10636
8959
10479
7950
11487
3199
4750
3086
10360
5882
4422
3630
1773
9555
3285
1919
10038
1183
782
2765
8842
10603
2487
1982
3626
5702
3213
11776
2277
12266
4981
11656
9369
10950
8488
11759
1834
5654
5659
12138
10487
9071
2391
2118
6038
2357
8438
6668
3743
159
1416
10225
9670
3261
5311
10472
5588
740
259
714
1434
6005
4670
9837
1390
991
4265
12338
2544
8079
11525
2313
3802
5797
11497
6077
4839
7367
4240
3598
7727
10151
9481
4227
7865
8459
1283
6679
4983
5314
4263
7665
6729
9183
9376
3677
8205
1155
8131
3221
625
5829
7571
2071
2564
562
732
1684
7205
3723
7200
6028
5810
2302
1351
8305
2209
9973
5688
7629
9863
3035
6752
4919
9738
9692
5881
3860
10758
10978
4159
7173
2532
3453
4225
8038
4199
2575
3927
5084
4415
11505
4095
3124
703
996
4527
4380
6864
4563
346
12263
10505
2150
641
10924
385
2067
2863
3373
8353
3945
4781
6254
11901
1401
8671
8880
1508
926
2283
500
11741
11399
7596
7390
5215
9411
399
3739
8806
3968
6688
2638
5788
6726
7486
6902
12176
261
1786
6814
5896
4596
4241
6707
11736
6395
11428
11921
6806
3651
8130
6661
6635
3941
1848
2853
11360
10375
6951
9096
4749
5607
2205
6554
2284
8066
9980
9789
8389
9681
226
9232
7100
3629
2116
10771
6063
1080
7299
8287
1430
8650
1705
1670
6465
3936
5960
10087
4694
8050
3211
12204
1008
9861
4033
7215
5936
2014
37
429
5958
10265
7162
8758
5528
7185
7403
4751
8854
10725
6764
1335
1106
9034
9885
2899
4021
11273
5323
3569
5191
8637
912
5418
6361
10746
5498
5341
5834
3105
7438
3411
2753
176
2273
6219
8755
7757
8161
2503
9564
11282
9676
2607
6798
4283
5077
2259
2129
7517
7709
4921
7780
5917
4598
1074
5877
1358
294
6568
7415
5368
5025
6225
5351
6756
6102
8043
616
9408
9825
5486
6533
8393
1268
7811
10138
2984
9893
4337
4501
3230
156
11796
5222
6176
5962
216
8941
8899
7681
10820
9648
11508
9324
2571
6054
1420
11434
3632
1965
9166
8086
10570
675
10496
5168
6131
9157
3024
4082
3004
182
10714
1162
7756
2628
931
7705
7244
2906
5732
1203
10794
3322
336
8207
2320
690
9133
11301
11194
1858
194
12098
5065
2363
5871
7408
7029
10070
2034
5594
120
6878
1042
5474
2031
2712
217
8695
8455
9173
4889
8259
7331
11567
192
2493
10628
12411
6408
7766
3514
11206
3409
774
12078
3790
2353
3112
7672
9580
6829
6553
884
10127
2817
4189
2135
5047
6874
12202
2973
11242
10153
4020
12361
7819
6763
3269
6906
12428
8690
1484
12075
10521
3664
206
1199
9563
1521
11014
5388
10704
3732
1046
6049
1661
465
4160
3788
3620
2707
9493
7735
5790
1294
7375
2241
5616
4274
8313
8883
1496
2433
1025
7401
4314
8976
2054
3839
9049
7631
11159
6470
6204
8071
2796
3041
10784
9795
3615
3195
6491
11496
10488
1607
873
4909
11036
8053
8701
2290
8768
1790
8293
5515
4544
3814
2466
4946
3668
466
105
585
5537
7698
11983
9421
10638
8905
1660
9350
7235
11170
7704
8449
8579
6924
108
2392
4804
9220
8101
3202
3329
7996
474
1313
872
3148
3612
10858
10340
4166
6619
1191
1597
6994
1838
12318
8029
9131
11920
1308
8939
5504
11630
8687
8398
11661
8848
6438
1381
3737
3449
1549
647
9169
3338
7608
6936
301
28
4053
7239
7183
1239
10125
3010
8538
9920
10689
11147
327
6647
3028
10506
1566
3595
2546
5925
960
8521
10580
2968
8623
9211
1585
220
9019
12302
5865
2040
12445
4294
2280
10106
4695
4328
11556
10345
11015
3209
1092
701
6520
7265
989
7617
1206
141
10657
1820
1577
8537
4915
468
7473
8390
9957
1701
3009
7258
3297
9660
3066
2378
6082
6455
7186
11181
10812
8273
2379
4322
1923
5149
1709
3676
7172
7451
5523
3782
11326
809
4706
7327
8884
10779
10091
9824
3340
7988
839
5580
10806
3554
6298
12158
2174
8234
9742
769
10390
7272
9215
9430
3840
11464
4604
11519
10854
10865
11946
1375
7099
794
973
3462
328
435
6040
8288
4004
5492
5140
6292
966
10742
3905
9469
3655
494
6274
2534
3940
386
1148
7385
7182
5695
11446
9399
4535
10263
4442
12378
7180
5473
4953
7653
5598
9537
10111
3962
2845
12292
7497
7462
5074
9548
5716
3607
8950
8705
1638
8856
8282
5646
6892
7531
6272
7481
2318
3286
10313
6116
5610
