3848
10820
2194
1983
11440
11987
3050
3881
7748
9552
12096
7238
3802
1195
8074
10980
6985
1178
1709
10242
9410
5597
4540
10110
3108
10064
10968
11337
1127
6445
9911
9475
5344
8888
5723
11858
12449
12412
4207
8669
5272
5549
2469
11955
7590
8177
2665
12245
8982
3673
8638
9732
12389
5226
5590
11509
11950
6202
2732
4898
887
5355
7404
7379
2247
3570
11051
6487
6116
4882
361
8262
1498
5787
10524
1759
6064
3612
2020
6349
1958
1021
3245
10292
8754
10622
2808
11811
8512
2708
1519
11101
1618
9337
7482
9869
4501
458
10818
11919
5996
6876
8101
10991
8138
7228
24
10536
1372
11259
6516
3191
8485
6697
5517
1133
2328
3590
2278
3906
7845
1342
11814
12337
2276
10932
10249
3497
11286
7004
755
4806
11124
3026
2725
11314
6728
8938
4044
7808
2995
12371
4934
5042
7082
2951
61
8238
9901
4196
9275
10712
4531
4248
6999
9037
3368
12032
5668
5186
8228
3008
11598
4859
12379
703
5538
11920
1797
5376
9647
6045
1753
482
138
5656
10454
10608
6908
836
3765
10477
3754
10690
3165
125
2534
5205
3509
3442
5855
7652
10042
6341
8872
4258
1141
2402
6976
10448
6452
8758
8786
1985
8030
6160
11175
6435
2682
6385
4845
4311
4395
7169
12480
6048
8622
5706
10122
9237
260
5964
11108
1080
6306
3229
8536
656
5207
1680
1826
12134
2472
11717
9537
8260
3146
1692
5606
12308
10654
1725
9967
6028
962
5014
8307
3814
12428
8716
3360
6587
10764
11761
9729
7878
9375
835
1162
10182
1470
1422
1644
4209
2655
1198
5772
2649
2840
11089
6107
12112
9628
7107
6511
7991
5967
4069
2894
145
1980
4510
10879
9864
6974
2811
602
383
2809
3283
172
2135
4019
975
11567
3861
8650
7673
8450
6527
10131
1067
2672
2889
7452
248
9502
3171
7985
1100
9278
1685
2630
4927
4392
9240
7277
3113
8145
4476
414
11157
1597
7122
5817
4238
5288
9820
10753
7344
11243
11965
9670
5471
5624
2817
8791
848
10220
2245
6141
2453
8429
7781
1307
12031
7143
5499
1538
7876
8546
2508
2701
2065
2381
1837
905
1456
9154
7190
5847
12158
2307
4223
7914
6315
4669
5278
2642
9460
1389
5480
11922
9063
10332
26
2777
5354
8703
5914
1715
6711
11156
8032
7645
3813
1499
12183
11826
4760
7315
1675
2490
8611
6
7662
6363
1358
7418
8398
6655
1415
9741
4973
5119
7037
2127
11901
12445
2434
8480
3775
6927
9140
5556
2606
1101
11574
911
5843
244
12377
8028
2259
9388
8295
7078
7458
2697
1611
934
6518
11834
4254
4729
7599
3118
9770
8785
4522
1293
11252
11756
4259
5614
1445
4903
7003
7666
4409
3459
402
3783
3230
11953
2367
8397
8662
11358
8614
6225
10111
11433
5540
5642
3354
2167
9193
1036
267
4738
7521
3075
6962
2618
5141
2202
264
2695
1105
7768
7935
7893
8182
364
11354
832
10809
9202
11664
10552
4825
1423
4611
2074
4291
4136
9616
10886
217
11724
5034
2377
5418
801
10208
165
9217
170
1621
2343
1292
11391
11825
6580
11421
3758
11150
239
3782
7518
3964
11214
2612
8722
7703
9059
8367
4645
2151
11212
10035
1501
4967
7947
8948
9846
11711
6968
3865
8481
8682
681
8987
4666
2609
3748
1500
73
6362
11927
8620
11216
3178
1634
2859
11570
10829
470
2737
2703
6133
8449
8250
11161
8304
7183
1560
1212
7108
1691
5410
6737
6168
2752
2650
5578
6811
8507
5239
10549
9867
940
11646
1166
1382
12386
4511
9756
5432
5195
4796
6665
7532
3718
5954
11010
4612
8837
6787
3875
1659
1211
2099
8594
4100
6467
886
2764
3820
10864
12109
4236
7679
6771
97
4737
7835
429
1761
11727
6833
3506
8610
7385
5476
3808
2841
11137
396
5878
5681
16
3395
2673
9213
4917
6935
11117
5163
309
3760
9902
819
7910
11237
11725
677
8989
3669
6073
6605
7017
2007
11061
3441
8334
4086
3172
4139
9355
8048
6824
8382
6119
7704
6648
10088
3924
9018
844
9991
623
4800
11347
6261
3154
6484
5719
3652
9562
4916
6489
9163
3926
12281
42
10892
3690
4972
8294
11118
10870
11997
12148
5758
6037
7454
10044
6356
8992
10179
5107
11964
9196
5985
11197
12055
7658
101
4803
9282
2144
11102
4575
12111
12399
5490
3391
1411
4024
2108
3988
7843
7733
8277
3228
5565
1764
6299
4419
1738
921
2154
4177
6020
3582
12431
9109
2449
36
9826
7011
11984
12049
3397
98
7598
5890
11650
265
9818
4010
5087
10492
10503
1147
7198
7683
6177
4621
5033
11923
11366
9064
5144
339
2696
11771
7400
4011
12485
11012
9877
10437
697
4269
7088
1557
1853
8414
11996
5899
4428
7194
8686
5753
566
11638
12083
6671
3394
6964
4639
3598
2322
4152
6345
5676
3742
7188
11978
8653
6384
1713
9329
9589
2018
344
10289
5920
5898
7055
9828
8223
5669
5184
5503
6338
2075
1417
768
10816
9367
12451
9527
10033
11378
9855
12407
5031
4188
11217
128
9895
8976
9719
3246
3904
5086
4674
11308
8501
2717
11554
1930
4078
6120
10929
254
4780
6125
9391
32
7861
9683
9644
10465
6268
1394
7680
12408
10918
4808
6357
2313
2450
3374
12376
2763
3058
7588
5271
6091
5460
9191
5167
11154
9894
1197
11186
4242
7632
11759
2246
6952
11462
7579
8134
7756
2554
8667
11121
6193
10696
3279
11069
1106
4058
7006
11002
5875
4035
12120
4199
6483
11355
692
1418
1657
7951
11792
3427
6215
6471
8699
9865
11719
851
2445
9614
1323
7112
3461
4574
4571
12017
7032
7761
3109
9742
6446
2837
10755
3215
6921
7455
4970
8328
1673
385
1904
9891
8778
10232
7508
4605
3974
2521
6224
6190
6887
3156
2625
1940
9288
1678
10020
680
9984
3621
5416
8058
3127
343
4170
1037
2638
8222
1596
8521
12057
11224
6837
3294
9359
2832
5293
4206
8733
731
5641
2027
7790
11039
7121
5570
2611
4425
10888
4302
6379
9863
9853
4366
10300
7079
8775
8111
6294
